type      = 1 # LINEAR_RAS_TO_RAS
nxforms   = 1
mean      = 0.0000 0.0000 0.0000
sigma     = 1.0000
1 4 4
9.962381124496460e-01 -4.231474921107292e-02 6.307205557823181e-02 1.339919948577881e+01 
3.440282121300697e-02 1.012170910835266e+00 3.220224678516388e-01 2.766855955123901e+00 
-7.249233126640320e-02 -3.071001172065735e-01 9.862887859344482e-01 2.583687782287598e+01 
0.000000000000000e+00 0.000000000000000e+00 0.000000000000000e+00 1.000000119209290e+00 
src volume info
valid = 1  # volume info valid
filename = /home/addo/MCRIownCloud/deve2-chris.adamson/neonatal/OrigImagesLabelledLaPrem/ANTST1T2TemplateWithGMProbNativeWithAffineInit/P01_t2.nii.gz
volume = 171 210 157
voxelsize = 6.299605369567871e-01 6.299605369567871e-01 6.299605369567871e-01
xras   = -9.952273964881897e-01 9.758291393518448e-02 0.000000000000000e+00
yras   = 9.758291393518448e-02 9.952273964881897e-01 0.000000000000000e+00
zras   = 0.000000000000000e+00 0.000000000000000e+00 1.000000000000000e+00
cras   = 4.633708953857422e+00 6.054743957519531e+01 -2.678894042968750e+00
dst volume info
valid = 1  # volume info valid
filename = /home/addo/MCRIownCloud/deve2-chris.adamson/neonatal/OrigImagesLabelledLaPrem/ANTST1T2TemplateWithGMProbNativeWithAffineInit/Finaltemplate0.nii.gz
volume = 177 218 162
voxelsize = 6.293426752090454e-01 6.301631927490234e-01 6.303761601448059e-01
xras   = -9.980997443199158e-01 -5.401141941547394e-02 -2.965858392417431e-02
yras   = -5.405515804886818e-02 9.985377192497253e-01 6.740469252690673e-04
zras   = -2.957881055772305e-02 -2.275965409353375e-03 9.995598793029785e-01
cras   = 1.424475097656250e+01 6.067279434204102e+01 1.145043945312500e+01
fscale 0.100000
