type      = 1 # LINEAR_RAS_TO_RAS
nxforms   = 1
mean      = 0.0000 0.0000 0.0000
sigma     = 1.0000
1 4 4
1.026829957962036e+00 1.542609035968781e-01 1.250942647457123e-01 1.586239910125732e+01 
-1.758270263671875e-01 9.560008049011230e-01 1.845373958349228e-01 1.723220062255859e+01 
-7.710536569356918e-02 -2.095105350017548e-01 9.852532148361206e-01 3.546890258789062e+01 
0.000000000000000e+00 0.000000000000000e+00 0.000000000000000e+00 1.000000000000000e+00 
src volume info
valid = 1  # volume info valid
filename = /home/addo/MCRIownCloud/deve2-chris.adamson/neonatal/OrigImagesLabelledLaPrem/ANTST1T2TemplateWithGMProbNativeWithAffineInit/P03_t2.nii.gz
volume = 166 219 155
voxelsize = 6.176440715789795e-01 6.340581178665161e-01 6.383702754974365e-01
xras   = -9.909831881523132e-01 2.051034203587321e-10 -1.339861750602722e-01
yras   = 2.032540524776749e-10 1.000000000000000e+00 2.748099144078697e-11
zras   = -1.339861750602722e-01 2.996968996124960e-17 9.909831881523132e-01
cras   = -8.643207550048828e+00 5.100745391845703e+01 -1.810543441772461e+01
dst volume info
valid = 1  # volume info valid
filename = /home/addo/MCRIownCloud/deve2-chris.adamson/neonatal/OrigImagesLabelledLaPrem/ANTST1T2TemplateWithGMProbNativeWithAffineInit/Finaltemplate0.nii.gz
volume = 177 218 162
voxelsize = 6.293426752090454e-01 6.301631927490234e-01 6.303761601448059e-01
xras   = -9.980997443199158e-01 -5.401141941547394e-02 -2.965858392417431e-02
yras   = -5.405515804886818e-02 9.985377192497253e-01 6.740469252690673e-04
zras   = -2.957881055772305e-02 -2.275965409353375e-03 9.995598793029785e-01
cras   = 1.424475097656250e+01 6.067279434204102e+01 1.145043945312500e+01
fscale 0.100000
