type      = 1 # LINEAR_RAS_TO_RAS
nxforms   = 1
mean      = 0.0000 0.0000 0.0000
sigma     = 1.0000
1 4 4
1.017564296722412e+00 -1.185195241123438e-02 -7.229708880186081e-02 6.829392433166504e+00 
3.376141935586929e-02 1.043571114540100e+00 8.926574140787125e-02 2.824179649353027e+00 
8.577973395586014e-02 -6.789031624794006e-02 1.052114963531494e+00 9.085057258605957e+00 
0.000000000000000e+00 0.000000000000000e+00 0.000000000000000e+00 1.000000000000000e+00 
src volume info
valid = 1  # volume info valid
filename = /home/addo/MCRIownCloud/deve2-chris.adamson/neonatal/OrigImagesLabelledLaPrem/ANTST1T2TemplateWithGMProbNativeWithAffineInit/P04_t2.nii.gz
volume = 160 207 157
voxelsize = 6.297857761383057e-01 6.300187706947327e-01 6.300770640373230e-01
xras   = -9.998766183853149e-01 2.051034064809443e-10 1.570731960237026e-02
yras   = 2.050780933959828e-10 1.000000000000000e+00 -3.221600503727773e-12
zras   = 1.570731773972511e-02 -2.405637428545502e-17 9.998766183853149e-01
cras   = 7.303131103515625e+00 5.789815521240234e+01 6.807548522949219e+00
dst volume info
valid = 1  # volume info valid
filename = /home/addo/MCRIownCloud/deve2-chris.adamson/neonatal/OrigImagesLabelledLaPrem/ANTST1T2TemplateWithGMProbNativeWithAffineInit/Finaltemplate0.nii.gz
volume = 177 218 162
voxelsize = 6.293426752090454e-01 6.301631927490234e-01 6.303761601448059e-01
xras   = -9.980997443199158e-01 -5.401141941547394e-02 -2.965858392417431e-02
yras   = -5.405515804886818e-02 9.985377192497253e-01 6.740469252690673e-04
zras   = -2.957881055772305e-02 -2.275965409353375e-03 9.995598793029785e-01
cras   = 1.424475097656250e+01 6.067279434204102e+01 1.145043945312500e+01
fscale 0.100000
