type      = 1 # LINEAR_RAS_TO_RAS
nxforms   = 1
mean      = 0.0000 0.0000 0.0000
sigma     = 1.0000
1 4 4
9.629262685775757e-01 3.950737789273262e-02 -8.520439267158508e-03 -5.634573936462402e+00 
-7.055329531431198e-02 9.335581064224243e-01 1.344797909259796e-01 1.476597595214844e+01 
-4.784957505762577e-03 -1.646511256694794e-01 9.422253966331482e-01 1.831106948852539e+01 
0.000000000000000e+00 0.000000000000000e+00 0.000000000000000e+00 1.000000119209290e+00 
src volume info
valid = 1  # volume info valid
filename = /home/addo/MCRIownCloud/deve2-chris.adamson/neonatal/OrigImagesLabelledLaPrem/ANTST1T2TemplateWithGMProbNativeWithAffineInit/P05_t2.nii.gz
volume = 171 230 154
voxelsize = 6.350823044776917e-01 6.144441366195679e-01 6.406599283218384e-01
xras   = -9.999710917472839e-01 -1.149172894656658e-03 7.518029771745205e-03
yras   = 3.357029099149145e-10 9.885184168815613e-01 1.511006206274033e-01
zras   = 7.605351507663727e-03 -1.510962545871735e-01 9.884898066520691e-01
cras   = 1.834284591674805e+01 4.967525100708008e+01 1.288146972656250e+00
dst volume info
valid = 1  # volume info valid
filename = /home/addo/MCRIownCloud/deve2-chris.adamson/neonatal/OrigImagesLabelledLaPrem/ANTST1T2TemplateWithGMProbNativeWithAffineInit/Finaltemplate0.nii.gz
volume = 177 218 162
voxelsize = 6.293426752090454e-01 6.301631927490234e-01 6.303761601448059e-01
xras   = -9.980997443199158e-01 -5.401141941547394e-02 -2.965858392417431e-02
yras   = -5.405515804886818e-02 9.985377192497253e-01 6.740469252690673e-04
zras   = -2.957881055772305e-02 -2.275965409353375e-03 9.995598793029785e-01
cras   = 1.424475097656250e+01 6.067279434204102e+01 1.145043945312500e+01
fscale 0.100000
