type      = 1 # LINEAR_RAS_TO_RAS
nxforms   = 1
mean      = 0.0000 0.0000 0.0000
sigma     = 1.0000
1 4 4
1.003952026367188e+00 6.759108603000641e-02 -2.127237431704998e-02 3.113127517700195e+01 
-8.322396874427795e-02 8.876590728759766e-01 -1.854473203420639e-01 5.100272655487061e+00 
-1.474579330533743e-02 1.418009549379349e-01 9.290846586227417e-01 4.848070621490479e+00 
0.000000000000000e+00 0.000000000000000e+00 0.000000000000000e+00 1.000000000000000e+00 
src volume info
valid = 1  # volume info valid
filename = /home/addo/MCRIownCloud/deve2-chris.adamson/neonatal/OrigImagesLabelledLaPrem/ANTST1T2TemplateWithGMProbNativeWithAffineInit/P06_t2.nii.gz
volume = 163 225 157
voxelsize = 6.299605369567871e-01 6.299605369567871e-01 6.299605369567871e-01
xras   = -1.000000000000000e+00 2.051034064809443e-10 0.000000000000000e+00
yras   = 2.051034064809443e-10 1.000000000000000e+00 0.000000000000000e+00
zras   = 0.000000000000000e+00 0.000000000000000e+00 1.000000000000000e+00
cras   = -2.025242424011230e+01 5.608169174194336e+01 -6.213035583496094e-01
dst volume info
valid = 1  # volume info valid
filename = /home/addo/MCRIownCloud/deve2-chris.adamson/neonatal/OrigImagesLabelledLaPrem/ANTST1T2TemplateWithGMProbNativeWithAffineInit/Finaltemplate0.nii.gz
volume = 177 218 162
voxelsize = 6.293426752090454e-01 6.301631927490234e-01 6.303761601448059e-01
xras   = -9.980997443199158e-01 -5.401141941547394e-02 -2.965858392417431e-02
yras   = -5.405515804886818e-02 9.985377192497253e-01 6.740469252690673e-04
zras   = -2.957881055772305e-02 -2.275965409353375e-03 9.995598793029785e-01
cras   = 1.424475097656250e+01 6.067279434204102e+01 1.145043945312500e+01
fscale 0.100000
