type      = 1 # LINEAR_RAS_TO_RAS
nxforms   = 1
mean      = 0.0000 0.0000 0.0000
sigma     = 1.0000
1 4 4
9.772111773490906e-01 -1.324656009674072e-01 1.152520850300789e-01 2.033140754699707e+01 
1.076788529753685e-01 1.000568509101868e+00 2.579695880413055e-01 1.851657104492188e+01 
-1.398759186267853e-01 -1.886465698480606e-01 9.965577721595764e-01 2.661280822753906e+01 
0.000000000000000e+00 0.000000000000000e+00 0.000000000000000e+00 1.000000000000000e+00 
src volume info
valid = 1  # volume info valid
filename = /home/addo/MCRIownCloud/deve2-chris.adamson/neonatal/OrigImagesLabelledLaPrem/ANTST1T2TemplateWithGMProbNativeWithAffineInit/P07_t2.nii.gz
volume = 175 218 155
voxelsize = 6.187939643859863e-01 6.335051655769348e-01 6.377401351928711e-01
xras   = -9.735844135284424e-01 1.887099146842957e-01 -1.285378038883209e-01
yras   = 1.892456859350204e-01 9.818959832191467e-01 8.144547231495380e-03
zras   = -1.277476996183395e-01 1.639581844210625e-02 9.916711449623108e-01
cras   = 1.899223327636719e+00 4.868700408935547e+01 -1.218961334228516e+01
dst volume info
valid = 1  # volume info valid
filename = /home/addo/MCRIownCloud/deve2-chris.adamson/neonatal/OrigImagesLabelledLaPrem/ANTST1T2TemplateWithGMProbNativeWithAffineInit/Finaltemplate0.nii.gz
volume = 177 218 162
voxelsize = 6.293426752090454e-01 6.301631927490234e-01 6.303761601448059e-01
xras   = -9.980997443199158e-01 -5.401141941547394e-02 -2.965858392417431e-02
yras   = -5.405515804886818e-02 9.985377192497253e-01 6.740469252690673e-04
zras   = -2.957881055772305e-02 -2.275965409353375e-03 9.995598793029785e-01
cras   = 1.424475097656250e+01 6.067279434204102e+01 1.145043945312500e+01
fscale 0.100000
