type      = 1 # LINEAR_RAS_TO_RAS
nxforms   = 1
mean      = 0.0000 0.0000 0.0000
sigma     = 1.0000
1 4 4
1.005383133888245e+00 -1.280226558446884e-01 1.459469944238663e-01 1.325409889221191e+01 
1.249633580446243e-01 9.872218966484070e-01 6.344468146562576e-02 9.244369506835938e+00 
-1.457143127918243e-01 -4.993488267064095e-02 9.247539639472961e-01 1.269565296173096e+01 
0.000000000000000e+00 0.000000000000000e+00 0.000000000000000e+00 1.000000119209290e+00 
src volume info
valid = 1  # volume info valid
filename = /home/addo/MCRIownCloud/deve2-chris.adamson/neonatal/OrigImagesLabelledLaPrem/ANTST1T2TemplateWithGMProbNativeWithAffineInit/P08_t2.nii.gz
volume = 169 214 155
voxelsize = 6.229427456855774e-01 6.322380304336548e-01 6.347625851631165e-01
xras   = -9.949278831481934e-01 -9.792731143534184e-04 -1.005862653255463e-01
yras   = 3.885629873412455e-10 9.999526143074036e-01 -9.735195897519588e-03
zras   = -1.005910411477089e-01 9.685818105936050e-03 9.948807358741760e-01
cras   = 6.802925109863281e+00 5.444348526000977e+01 2.365917205810547e+00
dst volume info
valid = 1  # volume info valid
filename = /home/addo/MCRIownCloud/deve2-chris.adamson/neonatal/OrigImagesLabelledLaPrem/ANTST1T2TemplateWithGMProbNativeWithAffineInit/Finaltemplate0.nii.gz
volume = 177 218 162
voxelsize = 6.293426752090454e-01 6.301631927490234e-01 6.303761601448059e-01
xras   = -9.980997443199158e-01 -5.401141941547394e-02 -2.965858392417431e-02
yras   = -5.405515804886818e-02 9.985377192497253e-01 6.740469252690673e-04
zras   = -2.957881055772305e-02 -2.275965409353375e-03 9.995598793029785e-01
cras   = 1.424475097656250e+01 6.067279434204102e+01 1.145043945312500e+01
fscale 0.100000
