type      = 1 # LINEAR_RAS_TO_RAS
nxforms   = 1
mean      = 0.0000 0.0000 0.0000
sigma     = 1.0000
1 4 4
9.853767156600952e-01 1.056432723999023e-01 -9.379810653626919e-03 3.688392877578735e+00 
-8.687230944633484e-02 1.016114592552185e+00 -6.158161163330078e-02 9.212913513183594e+00 
3.452224656939507e-02 4.658412933349609e-02 9.865996241569519e-01 -8.807862281799316e+00 
0.000000000000000e+00 0.000000000000000e+00 0.000000000000000e+00 1.000000000000000e+00 
src volume info
valid = 1  # volume info valid
filename = /home/addo/MCRIownCloud/deve2-chris.adamson/neonatal/OrigImagesLabelledLaPrem/ANTST1T2TemplateWithGMProbNativeWithAffineInit/P09_t2.nii.gz
volume = 186 207 156
voxelsize = 6.280291080474854e-01 6.306041479110718e-01 6.312528848648071e-01
xras   = -9.986295104026794e-01 2.051034203587321e-10 5.233596265316010e-02
yras   = 2.048223257666848e-10 1.000000000000000e+00 -1.073430233589079e-11
zras   = 5.233595892786980e-02 1.751201906395598e-17 9.986295104026794e-01
cras   = 1.046413421630859e+00 5.014361953735352e+01 1.754882431030273e+01
dst volume info
valid = 1  # volume info valid
filename = /home/addo/MCRIownCloud/deve2-chris.adamson/neonatal/OrigImagesLabelledLaPrem/ANTST1T2TemplateWithGMProbNativeWithAffineInit/Finaltemplate0.nii.gz
volume = 177 218 162
voxelsize = 6.293426752090454e-01 6.301631927490234e-01 6.303761601448059e-01
xras   = -9.980997443199158e-01 -5.401141941547394e-02 -2.965858392417431e-02
yras   = -5.405515804886818e-02 9.985377192497253e-01 6.740469252690673e-04
zras   = -2.957881055772305e-02 -2.275965409353375e-03 9.995598793029785e-01
cras   = 1.424475097656250e+01 6.067279434204102e+01 1.145043945312500e+01
fscale 0.100000
