type      = 1 # LINEAR_RAS_TO_RAS
nxforms   = 1
mean      = 0.0000 0.0000 0.0000
sigma     = 1.0000
1 4 4
9.648408889770508e-01 1.222494393587112e-01 -4.729629680514336e-02 4.450482368469238e+00 
-9.901373088359833e-02 9.778208136558533e-01 2.727365680038929e-02 -7.615758419036865e+00 
4.888547956943512e-02 -2.578178793191910e-02 1.032295823097229e+00 -1.073240876197815e+00 
0.000000000000000e+00 0.000000000000000e+00 0.000000000000000e+00 1.000000119209290e+00 
src volume info
valid = 1  # volume info valid
filename = /home/addo/MCRIownCloud/deve2-chris.adamson/neonatal/OrigImagesLabelledLaPrem/ANTST1T2TemplateWithGMProbNativeWithAffineInit/P10_t2.nii.gz
volume = 172 216 155
voxelsize = 6.269499659538269e-01 6.284881234169006e-01 6.344684958457947e-01
xras   = -9.970732331275940e-01 -2.038743905723095e-02 7.368402183055878e-02
yras   = -1.566327735781670e-02 9.978184700012207e-01 6.413234770298004e-02
zras   = 7.483076304197311e-02 -6.279049813747406e-02 9.952174425125122e-01
cras   = 2.673938751220703e+00 6.903676605224609e+01 1.477486038208008e+01
dst volume info
valid = 1  # volume info valid
filename = /home/addo/MCRIownCloud/deve2-chris.adamson/neonatal/OrigImagesLabelledLaPrem/ANTST1T2TemplateWithGMProbNativeWithAffineInit/Finaltemplate0.nii.gz
volume = 177 218 162
voxelsize = 6.293426752090454e-01 6.301631927490234e-01 6.303761601448059e-01
xras   = -9.980997443199158e-01 -5.401141941547394e-02 -2.965858392417431e-02
yras   = -5.405515804886818e-02 9.985377192497253e-01 6.740469252690673e-04
zras   = -2.957881055772305e-02 -2.275965409353375e-03 9.995598793029785e-01
cras   = 1.424475097656250e+01 6.067279434204102e+01 1.145043945312500e+01
fscale 0.100000
